version https://git-lfs.github.com/spec/v1
oid sha256:1a9faf347499ef0efe087bc97caf742d795f45a46cd234f382cec7fb6725b3ac
size 888
